camera: 0,0,170 0,0,0

plane: 0,0,-40 90,0,0 0,0,100 300
plane: 0,-30,0 0,0,0 77,77,77 300
plane: 0,30,0 0,0,0 77,77,77 300

sphere: -30,-30,0 0,0,0 169,169,169 10 300
sphere: 30,-30,0 0,0,0 169,169,169 10 300
sphere: -30,30,0 0,0,0 169,169,169 10 300
sphere: 30,30,0 0,0,0 169,169,169 10 300

sphere: -30,-30,70 0,0,0 169,169,169 10 300
sphere: 30,-30,70 0,0,0 169,169,169 10 300
sphere: -30,30,70 0,0,0 169,169,169 10 300
sphere: 30,30,70 0,0,0 169,169,169 10 300

sphere: 0,-20,50 0,0,0 ff0000 6 300

cylinder: -30,0,0 0,0,0 169,169,169 7 300
cylinder: 30,0,0 0,0,0 169,169,169 7 300
cylinder: -30,0,70 0,0,0 169,169,169 7 300
cylinder: 30,0,70 0,0,0 169,169,169 7 300

light: point 80,20,150 100
light: point -80,20,150 100
light: ambient 40
